4096 0.000738 0.000686
4096 0.000556 0.000702
4096 0.000689 0.000685
4096 0.000543 0.000709
4096 0.000565 0.000685
4096 0.000719 0.000688
4096 0.000555 0.000684
4096 0.000555 0.000685
4096 0.000594 0.000685
4096 0.000555 0.000685
8192 0.001110 0.001420
8192 0.001083 0.001367
8192 0.001393 0.001469
8192 0.001122 0.001368
8192 0.001110 0.001958
8192 0.001334 0.001633
8192 0.001280 0.002091
8192 0.001196 0.001740
8192 0.001179 0.001372
8192 0.002301 0.001374
12288 0.001937 0.002839
12288 0.002288 0.002116
12288 0.004903 0.002249
12288 0.001685 0.002244
12288 0.001678 0.002094
12288 0.001686 0.002126
12288 0.001665 0.002122
12288 0.002220 0.002340
12288 0.002176 0.002221
12288 0.001626 0.002346
16384 0.002526 0.003187
16384 0.002188 0.003169
16384 0.002190 0.002854
16384 0.002496 0.003165
16384 0.002165 0.002862
16384 0.002219 0.003106
16384 0.002557 0.003144
16384 0.002472 0.003114
16384 0.002220 0.002845
16384 0.002225 0.003749
20480 0.003341 0.003565
20480 0.002849 0.003543
20480 0.002856 0.003533
20480 0.002854 0.003534
20480 0.002854 0.003595
20480 0.002850 0.003550
20480 0.002858 0.003557
20480 0.003396 0.003569
20480 0.002879 0.003575
20480 0.002871 0.003577
24576 0.003616 0.004573
24576 0.003439 0.004491
24576 0.003463 0.004527
24576 0.003466 0.004947
24576 0.003719 0.004539
24576 0.003456 0.004522
24576 0.003456 0.004566
24576 0.003485 0.004586
24576 0.003480 0.004559
24576 0.003468 0.004523
28672 0.004035 0.005468
28672 0.004036 0.006032
28672 0.004435 0.005828
28672 0.004479 0.005909
28672 0.004231 0.006403
28672 0.004030 0.005583
28672 0.004024 0.005633
28672 0.004058 0.005802
28672 0.004030 0.005613
28672 0.004104 0.005534
32768 0.004607 0.006469
32768 0.004918 0.006503
32768 0.004626 0.006455
32768 0.004919 0.006365
32768 0.004600 0.006402
32768 0.004614 0.006418
32768 0.004599 0.006373
32768 0.004601 0.007182
32768 0.004587 0.006458
32768 0.006132 0.006571
36864 0.005215 0.007255
36864 0.005206 0.007215
36864 0.005165 0.007279
36864 0.005195 0.007061
36864 0.005167 0.007179
36864 0.005172 0.007273
36864 0.005235 0.007389
36864 0.005146 0.007154
36864 0.005178 0.007051
36864 0.005169 0.007074
40960 0.005746 0.007853
40960 0.005742 0.007913
40960 0.005748 0.007802
40960 0.005734 0.007928
40960 0.005724 0.008130
40960 0.005848 0.007980
40960 0.005747 0.008045
40960 0.005770 0.007979
40960 0.005732 0.008095
40960 0.005760 0.008111
45056 0.006326 0.008951
45056 0.006312 0.008824
45056 0.006312 0.009037
45056 0.006381 0.008856
45056 0.006330 0.008836
45056 0.006308 0.008750
45056 0.006307 0.009240
45056 0.006313 0.008974
45056 0.006433 0.008911
45056 0.006304 0.008790
49152 0.006908 0.009710
49152 0.006898 0.009734
49152 0.006901 0.009717
49152 0.006899 0.009806
49152 0.006914 0.009824
49152 0.006899 0.009662
49152 0.006904 0.009743
49152 0.006905 0.009723
49152 0.006902 0.009781
49152 0.006951 0.009711
65536 0.009194 0.013351
65536 0.009193 0.013319
65536 0.009197 0.013340
65536 0.009214 0.013222
65536 0.009203 0.013280
65536 0.009196 0.013288
65536 0.009192 0.013280
65536 0.009237 0.013183
65536 0.009195 0.013312
65536 0.009193 0.013994
131072 0.018407 0.030627
131072 0.018398 0.029145
131072 0.018384 0.030135
131072 0.018394 0.029083
131072 0.018390 0.030192
131072 0.018398 0.029186
131072 0.018436 0.029263
131072 0.018404 0.029193
131072 0.018432 0.036501
131072 0.027604 0.048748
262144 0.042350 0.070847
262144 0.036752 0.071269
262144 0.037108 0.066981
262144 0.037000 0.065875
262144 0.037098 0.069976
262144 0.036949 0.068247
262144 0.036787 0.068109
262144 0.036765 0.069372
262144 0.036800 0.073068
262144 0.037102 0.068394
524288 0.074076 0.174611
524288 0.074000 0.171501
524288 0.074257 0.220701
524288 0.074104 0.188815
524288 0.074245 0.172485
524288 0.073845 0.172120
524288 0.074121 0.197431
524288 0.074093 0.174113
524288 0.074147 0.180015
524288 0.073726 0.530849
573440 0.098114 0.603555
573440 0.086475 0.209986
573440 0.081064 0.206233
573440 0.081767 0.200049
573440 0.081283 0.216067
573440 0.081128 0.199185
573440 0.081300 0.199392
573440 0.081098 0.219499
573440 0.080793 0.227316
573440 0.081689 0.203194
655360 0.093349 0.282615
655360 0.093199 0.291541
655360 0.092753 0.251857
655360 0.093275 0.316708
655360 0.092804 0.543107
655360 0.093368 0.301321
655360 0.093151 0.277792
655360 0.093014 0.277188
655360 0.093042 0.277626
655360 0.093655 0.269851
737280 0.104928 0.356238
737280 0.105049 0.373974
737280 0.104908 0.373562
737280 0.105073 0.372567
737280 0.104890 0.358369
737280 0.105078 0.370164
737280 0.104773 0.369628
737280 0.105091 0.373404
737280 0.104969 0.374629
737280 0.105117 0.374831
819200 0.116871 0.478929
819200 0.117455 0.485061
819200 0.116866 0.472885
819200 0.116905 0.489554
819200 0.116879 0.463689
819200 0.116881 0.477302
819200 0.116916 0.481514
819200 0.117032 0.474247
819200 0.117042 0.481008
819200 0.116866 0.471808
901120 0.128844 0.580192
901120 0.128803 0.583613
901120 0.128460 0.602862
901120 0.128868 0.578916
901120 0.128887 0.576397
901120 0.129504 0.595403
901120 0.128579 0.585555
901120 0.129019 0.575128
901120 0.128862 0.578413
901120 0.128741 0.588707
983040 0.140497 0.695072
983040 0.140665 0.695851
983040 0.140630 0.686993
983040 0.140429 0.691176
983040 0.140477 0.692869
983040 0.140731 0.706093
983040 0.140448 0.683611
983040 0.140321 0.701045
983040 0.140487 0.685181
983040 0.140408 0.689614
1064960 0.151608 0.809175
1064960 0.151910 0.808612
1064960 0.151901 0.809564
1064960 0.151751 0.802853
1064960 0.152282 0.806453
1064960 0.152272 0.804816
1064960 0.151993 0.819167
1064960 0.151908 0.814612
1064960 0.151961 0.804306
1064960 0.151932 0.814802
1146880 0.163171 0.924726
1146880 0.163750 0.936995
1146880 0.163531 0.931619
1146880 0.163684 0.934495
1146880 0.163247 0.933405
1146880 0.163470 0.955101
1146880 0.163802 0.944555
1146880 0.163593 0.939140
1146880 0.163391 0.964457
1146880 0.163376 0.943953
1228800 0.174701 1.060027
1228800 0.174855 1.054146
1228800 0.174712 1.056707
1228800 0.174785 1.063864
1228800 0.174410 1.048898
1228800 0.175097 1.063233
1228800 0.174684 1.055055
1228800 0.174952 1.049202
1228800 0.174825 1.048648
1228800 0.174888 1.053251
1310720 0.186492 1.164675
1310720 0.186575 1.169079
1310720 0.186217 1.168104
1310720 0.186902 1.178225
1310720 0.186277 1.184977
1310720 0.188401 1.200310
1310720 0.186716 1.174510
1310720 0.186794 1.176251
1310720 0.186322 1.174520
1310720 0.186682 1.186710
1392640 0.197798 1.289232
1392640 0.198211 1.290096
1392640 0.198013 1.289198
1392640 0.198276 1.279074
1392640 0.197831 1.279425
1392640 0.197951 1.285990
1392640 0.197749 1.282399
1392640 0.198035 1.287369
1392640 0.197671 1.288595
1392640 0.197922 1.280858
1474560 0.209736 1.381977
1474560 0.209897 1.407935
1474560 0.209378 1.401515
1474560 0.209527 1.394357
1474560 0.209927 1.401860
1474560 0.209530 1.388129
1474560 0.209294 1.390703
1474560 0.209621 1.395672
1474560 0.210316 1.388451
1474560 0.209595 1.395743
1556480 0.220922 1.498762
1556480 0.221315 1.500942
1556480 0.221339 1.507592
1556480 0.221116 1.511475
1556480 0.221312 1.511565
1556480 0.223738 1.508949
1556480 0.221102 1.498559
1556480 0.221079 1.507345
1556480 0.221082 1.510374
1556480 0.221018 1.512994
1638400 0.232696 1.603335
1638400 0.232479 1.605852
1638400 0.232578 1.610442
1638400 0.232912 1.614683
1638400 0.232752 1.611596
1638400 0.232683 1.614323
1638400 0.232662 1.610779
1638400 0.232637 1.612174
1638400 0.232660 1.611506
1638400 0.232795 1.609425
2048000 0.291355 2.131325
2048000 0.290560 2.298835
2048000 0.291060 2.208671
2048000 0.290601 2.132816
2048000 0.290965 2.121127
2048000 0.290681 2.136176
2048000 0.290703 2.129729
2048000 0.291360 2.124504
2048000 0.291958 2.132884
2048000 0.291023 2.122494
2457600 0.349034 2.621238
2457600 0.348843 2.619211
2457600 0.348762 2.636419
2457600 0.349391 2.619945
2457600 0.349176 2.607390
2457600 0.349196 2.617204
2457600 0.348851 2.628932
2457600 0.348988 2.619640
2457600 0.349077 2.622385
2457600 0.349117 2.632644
3276800 0.465283 3.587008
3276800 0.465386 3.588477
3276800 0.466322 3.585180
3276800 0.465227 3.591555
3276800 0.465327 3.588969
3276800 0.465023 3.606532
3276800 0.465730 3.603921
3276800 0.465188 3.603687
3276800 0.465072 3.596474
3276800 0.465342 3.611648
4096000 0.582992 4.714622
4096000 0.581861 4.562258
4096000 0.581765 4.552288
4096000 0.582362 4.557043
4096000 0.582152 4.558096
4096000 0.581806 4.561049
4096000 0.581899 4.555905
4096000 0.581769 4.544281
4096000 0.581908 4.558845
4096000 0.582315 4.562664
