size of int: 4 bytes
4096 0.000021 0.000022
4096 0.000021 0.000022
4096 0.000020 0.000021
4096 0.000021 0.000022
4096 0.000021 0.000021
4096 0.000021 0.000038
4096 0.000020 0.000036
4096 0.000020 0.000021
4096 0.000021 0.000040
4096 0.000020 0.000022
8192 0.000041 0.000042
8192 0.000041 0.000082
8192 0.000041 0.000057
8192 0.000041 0.000042
8192 0.000041 0.000056
8192 0.000041 0.000079
8192 0.000041 0.000057
8192 0.000041 0.000056
8192 0.000041 0.000056
8192 0.000041 0.000058
12288 0.000061 0.000067
12288 0.000061 0.000090
12288 0.000061 0.000084
12288 0.000061 0.000086
12288 0.000061 0.000088
12288 0.000061 0.000115
12288 0.000061 0.000062
12288 0.000061 0.000119
12288 0.000061 0.000062
12288 0.000061 0.000062
16384 0.000081 0.000082
16384 0.000081 0.000083
16384 0.000081 0.000082
16384 0.000081 0.000113
16384 0.000081 0.000084
16384 0.000083 0.000119
16384 0.000082 0.000121
16384 0.000081 0.000141
16384 0.000081 0.000089
16384 0.000081 0.000111
20480 0.000101 0.000108
20480 0.000101 0.000131
20480 0.000101 0.000144
20480 0.000101 0.000139
20480 0.000101 0.000124
20480 0.000101 0.000139
20480 0.000101 0.000151
20480 0.000101 0.000149
20480 0.000104 0.000103
20480 0.000101 0.000103
24576 0.000121 0.000136
24576 0.000121 0.000193
24576 0.000121 0.000242
24576 0.000121 0.000214
24576 0.000121 0.000176
24576 0.000123 0.000132
24576 0.000122 0.000130
24576 0.000122 0.000138
24576 0.000121 0.000132
24576 0.000121 0.000137
28672 0.000141 0.000162
28672 0.000141 0.000163
28672 0.000141 0.000159
28672 0.000141 0.000163
28672 0.000142 0.000305
28672 0.000141 0.000209
28672 0.000141 0.000771
28672 0.000145 0.000254
28672 0.000141 0.000235
28672 0.000144 0.000160
32768 0.000161 0.000184
32768 0.000164 0.000189
32768 0.000162 0.000236
32768 0.000161 0.000235
32768 0.000161 0.000365
32768 0.000161 0.000220
32768 0.000162 0.000392
32768 0.000162 0.000187
32768 0.000162 0.000184
32768 0.000162 0.000184
36864 0.000184 0.000207
36864 0.000182 0.000208
36864 0.000184 0.000264
36864 0.000182 0.000208
36864 0.000184 0.000208
36864 0.000182 0.000208
36864 0.000184 0.000211
36864 0.000182 0.000209
36864 0.000181 0.000208
36864 0.000182 0.000208
40960 0.000202 0.000234
40960 0.000202 0.000234
40960 0.000202 0.000238
40960 0.000202 0.000234
40960 0.000264 0.000240
40960 0.000202 0.000234
40960 0.000207 0.000249
40960 0.000202 0.000234
40960 0.000205 0.000247
40960 0.000202 0.000238
45056 0.000222 0.000295
45056 0.000222 0.000303
45056 0.000222 0.000264
45056 0.000225 0.000268
45056 0.000222 0.000353
45056 0.000222 0.000433
45056 0.000369 0.000384
45056 0.000388 0.000273
45056 0.000222 0.000264
45056 0.000237 0.000264
49152 0.000250 0.000324
49152 0.000251 0.000299
49152 0.000249 0.000299
49152 0.000242 0.000322
49152 0.000250 0.000296
49152 0.000250 0.000298
49152 0.000242 0.000404
49152 0.000250 0.000296
49152 0.000249 0.000299
49152 0.000242 0.000299
65536 0.000330 0.000449
65536 0.000323 0.000511
65536 0.000325 0.000567
65536 0.000316 0.000548
65536 0.000316 0.000637
65536 0.000316 0.000539
65536 0.000316 0.000627
65536 0.000320 0.000578
65536 0.000316 0.000564
65536 0.000316 0.000624
131072 0.000632 0.001135
131072 0.000632 0.001133
131072 0.000632 0.001090
131072 0.000632 0.001093
131072 0.000634 0.001202
131072 0.000639 0.001148
131072 0.000637 0.001158
131072 0.000647 0.001091
131072 0.000635 0.001090
131072 0.000632 0.001217
262144 0.001268 0.002354
262144 0.001270 0.002431
262144 0.001540 0.002244
262144 0.001281 0.002375
262144 0.001267 0.002292
262144 0.001279 0.002439
262144 0.001375 0.002315
262144 0.001301 0.002494
262144 0.001292 0.002487
262144 0.001297 0.002551
524288 0.002645 0.004318
524288 0.002620 0.005784
524288 0.002543 0.004327
524288 0.002546 0.004470
524288 0.002564 0.004437
524288 0.002571 0.004718
524288 0.002566 0.004905
524288 0.002584 0.005306
524288 0.002539 0.004611
524288 0.002563 0.004867
573440 0.002839 0.005360
573440 0.002805 0.005174
573440 0.002798 0.005168
573440 0.002930 0.006174
573440 0.002824 0.004785
573440 0.002837 0.004744
573440 0.002788 0.004738
573440 0.002839 0.004752
573440 0.003026 0.004972
573440 0.002899 0.004935
737280 0.003675 0.007033
737280 0.003656 0.006780
737280 0.003684 0.006554
737280 0.003731 0.006475
737280 0.003710 0.006323
737280 0.003702 0.006401
737280 0.003666 0.006725
737280 0.003653 0.006924
737280 0.003713 0.006192
737280 0.003648 0.006136
901120 0.004369 0.007799
901120 0.004431 0.007812
901120 0.004440 0.007693
901120 0.004396 0.007961
901120 0.004500 0.007683
901120 0.004402 0.007796
901120 0.004929 0.007638
901120 0.004521 0.007456
901120 0.004425 0.007593
901120 0.004426 0.007486
1064960 0.005210 0.009421
1064960 0.005396 0.009007
1064960 0.005457 0.009064
1064960 0.005370 0.009074
1064960 0.005444 0.008955
1064960 0.005473 0.009513
1064960 0.005215 0.009338
1064960 0.005199 0.009048
1064960 0.005261 0.009158
1064960 0.005169 0.009398
1228800 0.006250 0.010605
1228800 0.006235 0.010586
1228800 0.006131 0.010481
1228800 0.006195 0.010893
1228800 0.006106 0.010483
1228800 0.006096 0.010382
1228800 0.006139 0.010580
1228800 0.006580 0.011490
1228800 0.006257 0.011360
1228800 0.006110 0.010746
1310720 0.006930 0.011262
1310720 0.007177 0.011765
1310720 0.006638 0.011967
1310720 0.006531 0.011201
1310720 0.006684 0.011205
1310720 0.006621 0.011335
1310720 0.006587 0.011341
1310720 0.006685 0.011244
1310720 0.006707 0.011286
1310720 0.006564 0.011710
1392640 0.007064 0.012257
1392640 0.007126 0.012344
1392640 0.007681 0.011978
1392640 0.006875 0.013030
1392640 0.007190 0.012183
1392640 0.007335 0.012410
1392640 0.007572 0.011816
1392640 0.007822 0.011885
1392640 0.007635 0.011806
1392640 0.006899 0.012124
1474560 0.007683 0.012790
1474560 0.007896 0.013202
1474560 0.007384 0.012632
1474560 0.007986 0.012968
1474560 0.007298 0.012531
1474560 0.008186 0.012989
1474560 0.007373 0.012887
1474560 0.008563 0.013377
1474560 0.007693 0.013728
1474560 0.008327 0.013068
1556480 0.008010 0.013714
1556480 0.008132 0.013458
1556480 0.007763 0.013451
1556480 0.007884 0.013614
1556480 0.007727 0.013506
1556480 0.007964 0.013288
1556480 0.007818 0.013249
1556480 0.007866 0.013519
1556480 0.007973 0.013487
1556480 0.007791 0.013290
1638400 0.009239 0.015180
1638400 0.008210 0.014047
1638400 0.008185 0.014594
1638400 0.008633 0.014332
1638400 0.008092 0.013929
1638400 0.008135 0.014103
1638400 0.008229 0.014056
1638400 0.008152 0.014006
1638400 0.008213 0.015121
1638400 0.008391 0.014088
1843200 0.009265 0.015634
1843200 0.009051 0.015485
1843200 0.008995 0.015396
1843200 0.009106 0.015559
1843200 0.009068 0.016090
1843200 0.008947 0.015350
1843200 0.009299 0.017125
1843200 0.009741 0.016205
1843200 0.009152 0.015488
1843200 0.009009 0.015599
2048000 0.009981 0.019495
2048000 0.010100 0.018371
2048000 0.010452 0.018413
2048000 0.010207 0.019184
2048000 0.010216 0.018664
2048000 0.010148 0.019570
2048000 0.010125 0.018861
2048000 0.010526 0.017590
2048000 0.010232 0.017590
2048000 0.010135 0.017502
2252800 0.011209 0.020018
2252800 0.011386 0.020015
2252800 0.011350 0.020352
2252800 0.011310 0.020411
2252800 0.011486 0.019266
2252800 0.011128 0.020031
2252800 0.011610 0.020323
2252800 0.011180 0.018909
2252800 0.011124 0.019101
2252800 0.010957 0.019100
2457600 0.012280 0.021212
2457600 0.012492 0.021132
2457600 0.012238 0.020994
2457600 0.012212 0.020733
2457600 0.011962 0.021242
2457600 0.011994 0.021672
2457600 0.015015 0.020890
2457600 0.012005 0.020504
2457600 0.013326 0.021694
2457600 0.012274 0.021424
3276800 0.016336 0.031032
3276800 0.016642 0.029580
3276800 0.016129 0.027358
3276800 0.015955 0.027891
3276800 0.016402 0.028296
3276800 0.016417 0.027977
3276800 0.016639 0.029681
3276800 0.016109 0.027618
3276800 0.016116 0.027437
3276800 0.016081 0.027707
4096000 0.020346 0.034525
4096000 0.020162 0.034502
4096000 0.020496 0.037948
4096000 0.020387 0.035971
4096000 0.020987 0.035256
4096000 0.020597 0.036374
4096000 0.020444 0.036796
4096000 0.021380 0.036087
4096000 0.021397 0.034975
4096000 0.020970 0.036900
5734400 0.029083 0.051760
5734400 0.028775 0.051041
5734400 0.029808 0.052698
5734400 0.029032 0.050264
5734400 0.029169 0.051154
5734400 0.029505 0.050169
5734400 0.029159 0.049501
5734400 0.030957 0.049697
5734400 0.028920 0.049429
5734400 0.028934 0.057812
8192000 0.042471 0.071597
8192000 0.041717 0.081537
8192000 0.045326 0.079872
8192000 0.042286 0.070112
8192000 0.042680 0.073894
8192000 0.041175 0.073519
8192000 0.042600 0.069912
8192000 0.041002 0.071000
8192000 0.042481 0.077928
8192000 0.041642 0.071072
12288000 0.067093 0.117506
12288000 0.066391 0.117250
12288000 0.073051 0.117246
12288000 0.067280 0.122171
12288000 0.062135 0.105521
12288000 0.060947 0.103852
12288000 0.061513 0.115441
12288000 0.067780 0.119455
12288000 0.065363 0.118262
12288000 0.066135 0.117533
16384000 0.092999 0.140946
16384000 0.090038 0.140205
16384000 0.083846 0.141102
16384000 0.087582 0.148703
16384000 0.084755 0.142261
16384000 0.090906 0.141842
16384000 0.088091 0.159616
16384000 0.092508 0.160525
16384000 0.082788 0.144498
16384000 0.084095 0.141357
32768000 0.247281 0.351121
32768000 0.224343 0.318918
32768000 0.214689 0.333609
32768000 0.215776 0.364094
32768000 0.224070 0.318364
32768000 0.214180 0.315319
32768000 0.214533 0.311220
32768000 0.224646 0.332820
32768000 0.216167 0.315141
32768000 0.218244 0.318113
49152000 0.332254 0.496423
49152000 0.366055 0.496494
49152000 0.327299 0.497084
49152000 0.348463 0.519306
49152000 0.352226 0.477297
49152000 0.336617 0.524860
49152000 0.342766 0.530908
49152000 0.343549 0.512341
49152000 0.368198 0.561211
49152000 0.339810 0.486555
65536000 0.453587 0.644634
65536000 0.471345 0.674210
65536000 0.451106 0.660962
65536000 0.499203 0.711238
65536000 0.511004 0.720890
65536000 0.447259 0.649076
65536000 0.447314 0.666728
65536000 0.477090 0.767307
65536000 0.476816 0.689746
65536000 0.449441 0.646499
81920000 0.605504 0.905310
81920000 0.586609 0.994046
81920000 0.669724 0.826282
81920000 0.576528 0.823625
81920000 0.559968 0.796988
81920000 0.574265 0.805515
81920000 0.575428 0.961480
81920000 0.563081 0.855423
81920000 0.605489 0.820787
81920000 0.586628 0.820034
